Steve

Slayer
4 4 111 10 56

Skills
61 75 1264919 
70 70 781392 
80 80 1991436 
70 70 738576 
52 52 135276 
33 63 381729 
78 78 1767630 
1 1 0 
1 1 0 
68 68 650430 
67 67 579870 
70 70 761820 
50 50 105861 
31 31 14958 
50 50 102441 
10 10 1230 
72 72 926052 

Inventory
0 516 2095924
1 189 1
2 189 1
3 189 1
4 189 1
5 189 1
6 189 1
7 189 1
8 815 1

Equipment
886 1
932 1
862 1
1034 1
930 1
1036 1
974 1
785 1

Bank
65 57
540 107170
12 1
541 916
542 1178
603 33
605 18
583 115
597 89
546 329
601 55
585 1
543 2390
218 843
611 7
66 21
544 20
547 11281
545 47915
609 8
599 29
16 1
737 1
230 34
159 17
613 12
589 9
6 84
2 61
226 17
224 7
4 53
474 117
8 34
587 1
741 1
1042 1
1064 9426
1058 1
61 105
748 1
440 1
1052 1
984 1
986 1
607 1
1056 1
813 9
1062 1
1054 2
573 68
539 5885
24 1
663 7
667 1
91 4
128 18
685 1
763 1
256 397
70 60
1032 1
1030 1
756 1
548 4478
1046 1
1022 1
1024 1
1016 1
1044 1
195 2
940 1
571 1
1018 1
771 1
950 1
777 2
450 125
765 1
837 192
850 34
848 33
258 325
858 1
266 1
248 1
494 1
492 1
988 1
519 1
527 1
525 1

