0 "General store" 514,100 515,100 129,5 266,5 574,100 575,20 763,2 765,3
1 "Pickaxe shop" 236,1 238,1 240,1 244,1 246,1 248,1
2 "Hatchet shop" 12,1 14,1 16,1 20,1 22,1 24,1
3 "Fishing shop" 195,5 199,5 207,100 201,5 57,100 205,5 203,5 197,5
4 "Fletching shop" 59,1000 60,1000 61,500 62,100 63,50 64,25 57,100
5 "Helmet shop" 272,1 280,1 302,1 310,1 332,1 340,1 362,1 370,1 392,1 400,1
6 "Body shop" 288,1 296,1 318,1 326,1 348,1 356,1 378,1 386,1 438,1 446,1 805,1
7 "Platelegs shop" 294,1 324,1 354,1 384,1 414,1 444,1
8 "Shield shop" 282,1 290,1 312,1 320,1 342,1 350,1 372,1 380,1
9 "Sword shop" 274,1 278,1 304,1 308,1 334,1 338,1 364,1 368,1 394,1 398,1 424,1 428,1
10 "Heroes Emporium" 809,10 811,10 815,10 817,10 821,10 825,10
11 "Archery shop" 65,2000 66,1500 67,1000 68,800 69,600 44,1 46,1 48,1 50,1 835,1000 836,500 837,100
12 "Ranger shop" 462,1 464,1 466,1 468,1 470,1 472,1 490,1 492,1 494,1 777,1 779,1
13 "Rune shop" 539,1000 540,1000 541,1000 542,1000 543,1000 544,1000 545,1000 546,1000 547,1000 548,1000
14 "Staff shop" 559,1 561,1 563,1 565,1 567,1 569,1
15 "Robe shop" 767,5 769,5 771,5 773,5 775,5 942,2 944,2 946,2 948,2 950,2 952,3 954,3 940,1
16 "Battle gear" 878,1 880,1 882,1 884,1 886,1
17 "Temple knights" 998,1 996,1 1000,1 976,1 978,1 980,1 982,1 984,1 986,1 988,1 990,1 992,1
18 "Glove chest" 956,10 958,10 960,10 962,10 964,10 966,10 968,10 970,10 972,10 974,10
19 "TzHaar market" 918,5 920,5 922,5 924,5 926,500 928,5 930,3 932,3 852,1 854,1
20 "Supply shop" 173,10 185,10 623,10 631,10 639,10
21 "Slayer shop" 735,5 737,5 739,100 740,100 741,5 743,100 744,5 746,5 748,5 750,5 752,5 754,5 756,5 758,100 759,5 761,5 571,1